```
Code at #134
        print('==============================================================')
        print('ssd_class:\n', ssd_class)
        print('==============================================================')
        print('ssd_params:\n',ssd_params)
        print('==============================================================')
        print('ssd_net:\n', ssd_net)
        print('==============================================================')
        print('ssd_shape:\n', ssd_shape)
        print('==============================================================')
        print('ssd_anchors:\n', ssd_anchors)
```

Result:
==============================================================
ssd_class:
 <class 'nets.ssd_vgg_300.SSDNet'>
==============================================================
ssd_params:
 SSDParameters(img_shape=(300, 300), num_classes=21, no_annotation_label=21, feat_layers=['block4', 'block7', 'block8', 'block9', 'block10', 'block11'], feat_shapes=[(38, 38), (19, 19), (10, 10), (5, 5), (3, 3), (1, 1)], anchor_size_bounds=[0.15, 0.9], anchor_sizes=[(21.0, 45.0), (45.0, 99.0), (99.0, 153.0), (153.0, 207.0), (207.0, 261.0), (261.0, 315.0)], anchor_ratios=[[2, 0.5], [2, 0.5, 3, 0.3333333333333333], [2, 0.5, 3, 0.3333333333333333], [2, 0.5, 3, 0.3333333333333333], [2, 0.5], [2, 0.5]], anchor_steps=[8, 16, 32, 64, 100, 300], anchor_offset=0.5, normalizations=[20, -1, -1, -1, -1, -1], prior_scaling=[0.1, 0.1, 0.2, 0.2])
==============================================================
ssd_net:
 <nets.ssd_vgg_300.SSDNet object at 0x7fe3caf53748>
==============================================================
ssd_shape:
 (300, 300)
==============================================================
ssd_anchors:
 [(array([[[0.01333333],
        [0.01333333],
        [0.01333333],
        ...,
        [0.01333333],
        [0.01333333],
        [0.01333333]],

       [[0.04      ],
        [0.04      ],
        [0.04      ],
        ...,
        [0.04      ],
        [0.04      ],
        [0.04      ]],

       [[0.06666667],
        [0.06666667],
        [0.06666667],
        ...,
        [0.06666667],
        [0.06666667],
        [0.06666667]],

       ...,

       [[0.94666666],
        [0.94666666],
        [0.94666666],
        ...,
        [0.94666666],
        [0.94666666],
        [0.94666666]],

       [[0.97333336],
        [0.97333336],
        [0.97333336],
        ...,
        [0.97333336],
        [0.97333336],
        [0.97333336]],

       [[1.        ],
        [1.        ],
        [1.        ],
        ...,
        [1.        ],
        [1.        ],
        [1.        ]]], dtype=float32), array([[[0.01333333],
        [0.04      ],
        [0.06666667],
        ...,
        [0.94666666],
        [0.97333336],
        [1.        ]],

       [[0.01333333],
        [0.04      ],
        [0.06666667],
        ...,
        [0.94666666],
        [0.97333336],
        [1.        ]],

       [[0.01333333],
        [0.04      ],
        [0.06666667],
        ...,
        [0.94666666],
        [0.97333336],
        [1.        ]],

       ...,

       [[0.01333333],
        [0.04      ],
        [0.06666667],
        ...,
        [0.94666666],
        [0.97333336],
        [1.        ]],

       [[0.01333333],
        [0.04      ],
        [0.06666667],
        ...,
        [0.94666666],
        [0.97333336],
        [1.        ]],

       [[0.01333333],
        [0.04      ],
        [0.06666667],
        ...,
        [0.94666666],
        [0.97333336],
        [1.        ]]], dtype=float32), array([0.07      , 0.10246951, 0.04949747, 0.09899495], dtype=float32), array([0.07      , 0.10246951, 0.09899495, 0.04949747], dtype=float32)), (array([[[0.02666667],
        [0.02666667],
        [0.02666667],
        [0.02666667],
        [0.02666667],
        [0.02666667],
        [0.02666667],
        [0.02666667],
        [0.02666667],
        [0.02666667],
        [0.02666667],
        [0.02666667],
        [0.02666667],
        [0.02666667],
        [0.02666667],
        [0.02666667],
        [0.02666667],
        [0.02666667],
        [0.02666667]],

       [[0.08      ],
        [0.08      ],
        [0.08      ],
        [0.08      ],
        [0.08      ],
        [0.08      ],
        [0.08      ],
        [0.08      ],
        [0.08      ],
        [0.08      ],
        [0.08      ],
        [0.08      ],
        [0.08      ],
        [0.08      ],
        [0.08      ],
        [0.08      ],
        [0.08      ],
        [0.08      ],
        [0.08      ]],

       [[0.13333334],
        [0.13333334],
        [0.13333334],
        [0.13333334],
        [0.13333334],
        [0.13333334],
        [0.13333334],
        [0.13333334],
        [0.13333334],
        [0.13333334],
        [0.13333334],
        [0.13333334],
        [0.13333334],
        [0.13333334],
        [0.13333334],
        [0.13333334],
        [0.13333334],
        [0.13333334],
        [0.13333334]],

       [[0.18666667],
        [0.18666667],
        [0.18666667],
        [0.18666667],
        [0.18666667],
        [0.18666667],
        [0.18666667],
        [0.18666667],
        [0.18666667],
        [0.18666667],
        [0.18666667],
        [0.18666667],
        [0.18666667],
        [0.18666667],
        [0.18666667],
        [0.18666667],
        [0.18666667],
        [0.18666667],
        [0.18666667]],

       [[0.24      ],
        [0.24      ],
        [0.24      ],
        [0.24      ],
        [0.24      ],
        [0.24      ],
        [0.24      ],
        [0.24      ],
        [0.24      ],
        [0.24      ],
        [0.24      ],
        [0.24      ],
        [0.24      ],
        [0.24      ],
        [0.24      ],
        [0.24      ],
        [0.24      ],
        [0.24      ],
        [0.24      ]],

       [[0.29333332],
        [0.29333332],
        [0.29333332],
        [0.29333332],
        [0.29333332],
        [0.29333332],
        [0.29333332],
        [0.29333332],
        [0.29333332],
        [0.29333332],
        [0.29333332],
        [0.29333332],
        [0.29333332],
        [0.29333332],
        [0.29333332],
        [0.29333332],
        [0.29333332],
        [0.29333332],
        [0.29333332]],

       [[0.34666666],
        [0.34666666],
        [0.34666666],
        [0.34666666],
        [0.34666666],
        [0.34666666],
        [0.34666666],
        [0.34666666],
        [0.34666666],
        [0.34666666],
        [0.34666666],
        [0.34666666],
        [0.34666666],
        [0.34666666],
        [0.34666666],
        [0.34666666],
        [0.34666666],
        [0.34666666],
        [0.34666666]],

       [[0.4       ],
        [0.4       ],
        [0.4       ],
        [0.4       ],
        [0.4       ],
        [0.4       ],
        [0.4       ],
        [0.4       ],
        [0.4       ],
        [0.4       ],
        [0.4       ],
        [0.4       ],
        [0.4       ],
        [0.4       ],
        [0.4       ],
        [0.4       ],
        [0.4       ],
        [0.4       ],
        [0.4       ]],

       [[0.45333335],
        [0.45333335],
        [0.45333335],
        [0.45333335],
        [0.45333335],
        [0.45333335],
        [0.45333335],
        [0.45333335],
        [0.45333335],
        [0.45333335],
        [0.45333335],
        [0.45333335],
        [0.45333335],
        [0.45333335],
        [0.45333335],
        [0.45333335],
        [0.45333335],
        [0.45333335],
        [0.45333335]],

       [[0.50666666],
        [0.50666666],
        [0.50666666],
        [0.50666666],
        [0.50666666],
        [0.50666666],
        [0.50666666],
        [0.50666666],
        [0.50666666],
        [0.50666666],
        [0.50666666],
        [0.50666666],
        [0.50666666],
        [0.50666666],
        [0.50666666],
        [0.50666666],
        [0.50666666],
        [0.50666666],
        [0.50666666]],

       [[0.56      ],
        [0.56      ],
        [0.56      ],
        [0.56      ],
        [0.56      ],
        [0.56      ],
        [0.56      ],
        [0.56      ],
        [0.56      ],
        [0.56      ],
        [0.56      ],
        [0.56      ],
        [0.56      ],
        [0.56      ],
        [0.56      ],
        [0.56      ],
        [0.56      ],
        [0.56      ],
        [0.56      ]],

       [[0.61333334],
        [0.61333334],
        [0.61333334],
        [0.61333334],
        [0.61333334],
        [0.61333334],
        [0.61333334],
        [0.61333334],
        [0.61333334],
        [0.61333334],
        [0.61333334],
        [0.61333334],
        [0.61333334],
        [0.61333334],
        [0.61333334],
        [0.61333334],
        [0.61333334],
        [0.61333334],
        [0.61333334]],

       [[0.6666667 ],
        [0.6666667 ],
        [0.6666667 ],
        [0.6666667 ],
        [0.6666667 ],
        [0.6666667 ],
        [0.6666667 ],
        [0.6666667 ],
        [0.6666667 ],
        [0.6666667 ],
        [0.6666667 ],
        [0.6666667 ],
        [0.6666667 ],
        [0.6666667 ],
        [0.6666667 ],
        [0.6666667 ],
        [0.6666667 ],
        [0.6666667 ],
        [0.6666667 ]],

       [[0.72      ],
        [0.72      ],
        [0.72      ],
        [0.72      ],
        [0.72      ],
        [0.72      ],
        [0.72      ],
        [0.72      ],
        [0.72      ],
        [0.72      ],
        [0.72      ],
        [0.72      ],
        [0.72      ],
        [0.72      ],
        [0.72      ],
        [0.72      ],
        [0.72      ],
        [0.72      ],
        [0.72      ]],

       [[0.7733333 ],
        [0.7733333 ],
        [0.7733333 ],
        [0.7733333 ],
        [0.7733333 ],
        [0.7733333 ],
        [0.7733333 ],
        [0.7733333 ],
        [0.7733333 ],
        [0.7733333 ],
        [0.7733333 ],
        [0.7733333 ],
        [0.7733333 ],
        [0.7733333 ],
        [0.7733333 ],
        [0.7733333 ],
        [0.7733333 ],
        [0.7733333 ],
        [0.7733333 ]],

       [[0.82666665],
        [0.82666665],
        [0.82666665],
        [0.82666665],
        [0.82666665],
        [0.82666665],
        [0.82666665],
        [0.82666665],
        [0.82666665],
        [0.82666665],
        [0.82666665],
        [0.82666665],
        [0.82666665],
        [0.82666665],
        [0.82666665],
        [0.82666665],
        [0.82666665],
        [0.82666665],
        [0.82666665]],

       [[0.88      ],
        [0.88      ],
        [0.88      ],
        [0.88      ],
        [0.88      ],
        [0.88      ],
        [0.88      ],
        [0.88      ],
        [0.88      ],
        [0.88      ],
        [0.88      ],
        [0.88      ],
        [0.88      ],
        [0.88      ],
        [0.88      ],
        [0.88      ],
        [0.88      ],
        [0.88      ],
        [0.88      ]],

       [[0.93333334],
        [0.93333334],
        [0.93333334],
        [0.93333334],
        [0.93333334],
        [0.93333334],
        [0.93333334],
        [0.93333334],
        [0.93333334],
        [0.93333334],
        [0.93333334],
        [0.93333334],
        [0.93333334],
        [0.93333334],
        [0.93333334],
        [0.93333334],
        [0.93333334],
        [0.93333334],
        [0.93333334]],

       [[0.9866667 ],
        [0.9866667 ],
        [0.9866667 ],
        [0.9866667 ],
        [0.9866667 ],
        [0.9866667 ],
        [0.9866667 ],
        [0.9866667 ],
        [0.9866667 ],
        [0.9866667 ],
        [0.9866667 ],
        [0.9866667 ],
        [0.9866667 ],
        [0.9866667 ],
        [0.9866667 ],
        [0.9866667 ],
        [0.9866667 ],
        [0.9866667 ],
        [0.9866667 ]]], dtype=float32), array([[[0.02666667],
        [0.08      ],
        [0.13333334],
        [0.18666667],
        [0.24      ],
        [0.29333332],
        [0.34666666],
        [0.4       ],
        [0.45333335],
        [0.50666666],
        [0.56      ],
        [0.61333334],
        [0.6666667 ],
        [0.72      ],
        [0.7733333 ],
        [0.82666665],
        [0.88      ],
        [0.93333334],
        [0.9866667 ]],

       [[0.02666667],
        [0.08      ],
        [0.13333334],
        [0.18666667],
        [0.24      ],
        [0.29333332],
        [0.34666666],
        [0.4       ],
        [0.45333335],
        [0.50666666],
        [0.56      ],
        [0.61333334],
        [0.6666667 ],
        [0.72      ],
        [0.7733333 ],
        [0.82666665],
        [0.88      ],
        [0.93333334],
        [0.9866667 ]],

       [[0.02666667],
        [0.08      ],
        [0.13333334],
        [0.18666667],
        [0.24      ],
        [0.29333332],
        [0.34666666],
        [0.4       ],
        [0.45333335],
        [0.50666666],
        [0.56      ],
        [0.61333334],
        [0.6666667 ],
        [0.72      ],
        [0.7733333 ],
        [0.82666665],
        [0.88      ],
        [0.93333334],
        [0.9866667 ]],

       [[0.02666667],
        [0.08      ],
        [0.13333334],
        [0.18666667],
        [0.24      ],
        [0.29333332],
        [0.34666666],
        [0.4       ],
        [0.45333335],
        [0.50666666],
        [0.56      ],
        [0.61333334],
        [0.6666667 ],
        [0.72      ],
        [0.7733333 ],
        [0.82666665],
        [0.88      ],
        [0.93333334],
        [0.9866667 ]],

       [[0.02666667],
        [0.08      ],
        [0.13333334],
        [0.18666667],
        [0.24      ],
        [0.29333332],
        [0.34666666],
        [0.4       ],
        [0.45333335],
        [0.50666666],
        [0.56      ],
        [0.61333334],
        [0.6666667 ],
        [0.72      ],
        [0.7733333 ],
        [0.82666665],
        [0.88      ],
        [0.93333334],
        [0.9866667 ]],

       [[0.02666667],
        [0.08      ],
        [0.13333334],
        [0.18666667],
        [0.24      ],
        [0.29333332],
        [0.34666666],
        [0.4       ],
        [0.45333335],
        [0.50666666],
        [0.56      ],
        [0.61333334],
        [0.6666667 ],
        [0.72      ],
        [0.7733333 ],
        [0.82666665],
        [0.88      ],
        [0.93333334],
        [0.9866667 ]],

       [[0.02666667],
        [0.08      ],
        [0.13333334],
        [0.18666667],
        [0.24      ],
        [0.29333332],
        [0.34666666],
        [0.4       ],
        [0.45333335],
        [0.50666666],
        [0.56      ],
        [0.61333334],
        [0.6666667 ],
        [0.72      ],
        [0.7733333 ],
        [0.82666665],
        [0.88      ],
        [0.93333334],
        [0.9866667 ]],

       [[0.02666667],
        [0.08      ],
        [0.13333334],
        [0.18666667],
        [0.24      ],
        [0.29333332],
        [0.34666666],
        [0.4       ],
        [0.45333335],
        [0.50666666],
        [0.56      ],
        [0.61333334],
        [0.6666667 ],
        [0.72      ],
        [0.7733333 ],
        [0.82666665],
        [0.88      ],
        [0.93333334],
        [0.9866667 ]],

       [[0.02666667],
        [0.08      ],
        [0.13333334],
        [0.18666667],
        [0.24      ],
        [0.29333332],
        [0.34666666],
        [0.4       ],
        [0.45333335],
        [0.50666666],
        [0.56      ],
        [0.61333334],
        [0.6666667 ],
        [0.72      ],
        [0.7733333 ],
        [0.82666665],
        [0.88      ],
        [0.93333334],
        [0.9866667 ]],

       [[0.02666667],
        [0.08      ],
        [0.13333334],
        [0.18666667],
        [0.24      ],
        [0.29333332],
        [0.34666666],
        [0.4       ],
        [0.45333335],
        [0.50666666],
        [0.56      ],
        [0.61333334],
        [0.6666667 ],
        [0.72      ],
        [0.7733333 ],
        [0.82666665],
        [0.88      ],
        [0.93333334],
        [0.9866667 ]],

       [[0.02666667],
        [0.08      ],
        [0.13333334],
        [0.18666667],
        [0.24      ],
        [0.29333332],
        [0.34666666],
        [0.4       ],
        [0.45333335],
        [0.50666666],
        [0.56      ],
        [0.61333334],
        [0.6666667 ],
        [0.72      ],
        [0.7733333 ],
        [0.82666665],
        [0.88      ],
        [0.93333334],
        [0.9866667 ]],

       [[0.02666667],
        [0.08      ],
        [0.13333334],
        [0.18666667],
        [0.24      ],
        [0.29333332],
        [0.34666666],
        [0.4       ],
        [0.45333335],
        [0.50666666],
        [0.56      ],
        [0.61333334],
        [0.6666667 ],
        [0.72      ],
        [0.7733333 ],
        [0.82666665],
        [0.88      ],
        [0.93333334],
        [0.9866667 ]],

       [[0.02666667],
        [0.08      ],
        [0.13333334],
        [0.18666667],
        [0.24      ],
        [0.29333332],
        [0.34666666],
        [0.4       ],
        [0.45333335],
        [0.50666666],
        [0.56      ],
        [0.61333334],
        [0.6666667 ],
        [0.72      ],
        [0.7733333 ],
        [0.82666665],
        [0.88      ],
        [0.93333334],
        [0.9866667 ]],

       [[0.02666667],
        [0.08      ],
        [0.13333334],
        [0.18666667],
        [0.24      ],
        [0.29333332],
        [0.34666666],
        [0.4       ],
        [0.45333335],
        [0.50666666],
        [0.56      ],
        [0.61333334],
        [0.6666667 ],
        [0.72      ],
        [0.7733333 ],
        [0.82666665],
        [0.88      ],
        [0.93333334],
        [0.9866667 ]],

       [[0.02666667],
        [0.08      ],
        [0.13333334],
        [0.18666667],
        [0.24      ],
        [0.29333332],
        [0.34666666],
        [0.4       ],
        [0.45333335],
        [0.50666666],
        [0.56      ],
        [0.61333334],
        [0.6666667 ],
        [0.72      ],
        [0.7733333 ],
        [0.82666665],
        [0.88      ],
        [0.93333334],
        [0.9866667 ]],

       [[0.02666667],
        [0.08      ],
        [0.13333334],
        [0.18666667],
        [0.24      ],
        [0.29333332],
        [0.34666666],
        [0.4       ],
        [0.45333335],
        [0.50666666],
        [0.56      ],
        [0.61333334],
        [0.6666667 ],
        [0.72      ],
        [0.7733333 ],
        [0.82666665],
        [0.88      ],
        [0.93333334],
        [0.9866667 ]],

       [[0.02666667],
        [0.08      ],
        [0.13333334],
        [0.18666667],
        [0.24      ],
        [0.29333332],
        [0.34666666],
        [0.4       ],
        [0.45333335],
        [0.50666666],
        [0.56      ],
        [0.61333334],
        [0.6666667 ],
        [0.72      ],
        [0.7733333 ],
        [0.82666665],
        [0.88      ],
        [0.93333334],
        [0.9866667 ]],

       [[0.02666667],
        [0.08      ],
        [0.13333334],
        [0.18666667],
        [0.24      ],
        [0.29333332],
        [0.34666666],
        [0.4       ],
        [0.45333335],
        [0.50666666],
        [0.56      ],
        [0.61333334],
        [0.6666667 ],
        [0.72      ],
        [0.7733333 ],
        [0.82666665],
        [0.88      ],
        [0.93333334],
        [0.9866667 ]],

       [[0.02666667],
        [0.08      ],
        [0.13333334],
        [0.18666667],
        [0.24      ],
        [0.29333332],
        [0.34666666],
        [0.4       ],
        [0.45333335],
        [0.50666666],
        [0.56      ],
        [0.61333334],
        [0.6666667 ],
        [0.72      ],
        [0.7733333 ],
        [0.82666665],
        [0.88      ],
        [0.93333334],
        [0.9866667 ]]], dtype=float32), array([0.15      , 0.22248596, 0.10606602, 0.21213204, 0.08660254,
       0.25980762], dtype=float32), array([0.15      , 0.22248596, 0.21213204, 0.10606602, 0.25980762,
       0.08660254], dtype=float32)), (array([[[0.05333333],
        [0.05333333],
        [0.05333333],
        [0.05333333],
        [0.05333333],
        [0.05333333],
        [0.05333333],
        [0.05333333],
        [0.05333333],
        [0.05333333]],

       [[0.16      ],
        [0.16      ],
        [0.16      ],
        [0.16      ],
        [0.16      ],
        [0.16      ],
        [0.16      ],
        [0.16      ],
        [0.16      ],
        [0.16      ]],

       [[0.26666668],
        [0.26666668],
        [0.26666668],
        [0.26666668],
        [0.26666668],
        [0.26666668],
        [0.26666668],
        [0.26666668],
        [0.26666668],
        [0.26666668]],

       [[0.37333333],
        [0.37333333],
        [0.37333333],
        [0.37333333],
        [0.37333333],
        [0.37333333],
        [0.37333333],
        [0.37333333],
        [0.37333333],
        [0.37333333]],

       [[0.48      ],
        [0.48      ],
        [0.48      ],
        [0.48      ],
        [0.48      ],
        [0.48      ],
        [0.48      ],
        [0.48      ],
        [0.48      ],
        [0.48      ]],

       [[0.58666664],
        [0.58666664],
        [0.58666664],
        [0.58666664],
        [0.58666664],
        [0.58666664],
        [0.58666664],
        [0.58666664],
        [0.58666664],
        [0.58666664]],

       [[0.6933333 ],
        [0.6933333 ],
        [0.6933333 ],
        [0.6933333 ],
        [0.6933333 ],
        [0.6933333 ],
        [0.6933333 ],
        [0.6933333 ],
        [0.6933333 ],
        [0.6933333 ]],

       [[0.8       ],
        [0.8       ],
        [0.8       ],
        [0.8       ],
        [0.8       ],
        [0.8       ],
        [0.8       ],
        [0.8       ],
        [0.8       ],
        [0.8       ]],

       [[0.9066667 ],
        [0.9066667 ],
        [0.9066667 ],
        [0.9066667 ],
        [0.9066667 ],
        [0.9066667 ],
        [0.9066667 ],
        [0.9066667 ],
        [0.9066667 ],
        [0.9066667 ]],

       [[1.0133333 ],
        [1.0133333 ],
        [1.0133333 ],
        [1.0133333 ],
        [1.0133333 ],
        [1.0133333 ],
        [1.0133333 ],
        [1.0133333 ],
        [1.0133333 ],
        [1.0133333 ]]], dtype=float32), array([[[0.05333333],
        [0.16      ],
        [0.26666668],
        [0.37333333],
        [0.48      ],
        [0.58666664],
        [0.6933333 ],
        [0.8       ],
        [0.9066667 ],
        [1.0133333 ]],

       [[0.05333333],
        [0.16      ],
        [0.26666668],
        [0.37333333],
        [0.48      ],
        [0.58666664],
        [0.6933333 ],
        [0.8       ],
        [0.9066667 ],
        [1.0133333 ]],

       [[0.05333333],
        [0.16      ],
        [0.26666668],
        [0.37333333],
        [0.48      ],
        [0.58666664],
        [0.6933333 ],
        [0.8       ],
        [0.9066667 ],
        [1.0133333 ]],

       [[0.05333333],
        [0.16      ],
        [0.26666668],
        [0.37333333],
        [0.48      ],
        [0.58666664],
        [0.6933333 ],
        [0.8       ],
        [0.9066667 ],
        [1.0133333 ]],

       [[0.05333333],
        [0.16      ],
        [0.26666668],
        [0.37333333],
        [0.48      ],
        [0.58666664],
        [0.6933333 ],
        [0.8       ],
        [0.9066667 ],
        [1.0133333 ]],

       [[0.05333333],
        [0.16      ],
        [0.26666668],
        [0.37333333],
        [0.48      ],
        [0.58666664],
        [0.6933333 ],
        [0.8       ],
        [0.9066667 ],
        [1.0133333 ]],

       [[0.05333333],
        [0.16      ],
        [0.26666668],
        [0.37333333],
        [0.48      ],
        [0.58666664],
        [0.6933333 ],
        [0.8       ],
        [0.9066667 ],
        [1.0133333 ]],

       [[0.05333333],
        [0.16      ],
        [0.26666668],
        [0.37333333],
        [0.48      ],
        [0.58666664],
        [0.6933333 ],
        [0.8       ],
        [0.9066667 ],
        [1.0133333 ]],

       [[0.05333333],
        [0.16      ],
        [0.26666668],
        [0.37333333],
        [0.48      ],
        [0.58666664],
        [0.6933333 ],
        [0.8       ],
        [0.9066667 ],
        [1.0133333 ]],

       [[0.05333333],
        [0.16      ],
        [0.26666668],
        [0.37333333],
        [0.48      ],
        [0.58666664],
        [0.6933333 ],
        [0.8       ],
        [0.9066667 ],
        [1.0133333 ]]], dtype=float32), array([0.33      , 0.41024384, 0.23334524, 0.46669048, 0.19052559,
       0.5715768 ], dtype=float32), array([0.33      , 0.41024384, 0.46669048, 0.23334524, 0.5715768 ,
       0.19052559], dtype=float32)), (array([[[0.10666667],
        [0.10666667],
        [0.10666667],
        [0.10666667],
        [0.10666667]],

       [[0.32      ],
        [0.32      ],
        [0.32      ],
        [0.32      ],
        [0.32      ]],

       [[0.53333336],
        [0.53333336],
        [0.53333336],
        [0.53333336],
        [0.53333336]],

       [[0.74666667],
        [0.74666667],
        [0.74666667],
        [0.74666667],
        [0.74666667]],

       [[0.96      ],
        [0.96      ],
        [0.96      ],
        [0.96      ],
        [0.96      ]]], dtype=float32), array([[[0.10666667],
        [0.32      ],
        [0.53333336],
        [0.74666667],
        [0.96      ]],

       [[0.10666667],
        [0.32      ],
        [0.53333336],
        [0.74666667],
        [0.96      ]],

       [[0.10666667],
        [0.32      ],
        [0.53333336],
        [0.74666667],
        [0.96      ]],

       [[0.10666667],
        [0.32      ],
        [0.53333336],
        [0.74666667],
        [0.96      ]],

       [[0.10666667],
        [0.32      ],
        [0.53333336],
        [0.74666667],
        [0.96      ]]], dtype=float32), array([0.51      , 0.5932116 , 0.36062446, 0.7212489 , 0.29444864,
       0.8833459 ], dtype=float32), array([0.51      , 0.5932116 , 0.7212489 , 0.36062446, 0.8833459 ,
       0.29444864], dtype=float32)), (array([[[0.16666667],
        [0.16666667],
        [0.16666667]],

       [[0.5       ],
        [0.5       ],
        [0.5       ]],

       [[0.8333333 ],
        [0.8333333 ],
        [0.8333333 ]]], dtype=float32), array([[[0.16666667],
        [0.5       ],
        [0.8333333 ]],

       [[0.16666667],
        [0.5       ],
        [0.8333333 ]],

       [[0.16666667],
        [0.5       ],
        [0.8333333 ]]], dtype=float32), array([0.69      , 0.7747903 , 0.48790368, 0.97580737], dtype=float32), array([0.69      , 0.7747903 , 0.97580737, 0.48790368], dtype=float32)), (array([[[0.5]]], dtype=float32), array([[[0.5]]], dtype=float32), array([0.87     , 0.9557719, 0.6151829, 1.2303658], dtype=float32), array([0.87     , 0.9557719, 1.2303658, 0.6151829], dtype=float32))]
